8724
10273
10666
11036
10161
9743
11876
8309
7892
8801
7450
7186
8418
9110
11607
10372
11223
11863
13089
8116
8297
9321
9234
8445
9494
10709
14159
10582
12111
13324
13634
9544
11016
12032
11901
12431
14067
12701
16905
13778
14341
15054
14997
9856
13027
15399
14335
13974
14559
13988
16459
13398
14813
15727
16777
10524
10977
11535
11032
9306
11450
11447
11422
12865
11469
13529
17016
10130
9807
13655
12495
12747
12937
10867
14516
14374
14608
12413
17051
7456
11405
13806
13402
13807
12914
14529
17770
14449
16091
16425
18217
9335
12160
13606
13313
11512
13288
12420
15359
17991
14788
16128
15253
10246
12873
13063
12590
10493
14729
11737
14187
11908
17098
15181
15882
10862
12369
11682
15839
9425
9492
12226
12714
12404
15530
11438
14554
8170
10538
14576
12695
11492
9657
10334
10281
11537
12471
10939
13814
7032
8589
11821
10094
11365
10234
10182
12972
11010
11048
11874
13513
7062
8640
11733
12317
11591
11722
10269
13351
10871
13148
11949
13661
8356
9492
11609
11142
11550
12265
9991
10861
11426
12870
10891
14464
7899
7643
11279
10177
8536
11786
10228
12420
12446
11648
11659
18167
7525
8506
15915
13248
15909
7210
10681
14634
14356
16551
17376
22797
10204
12513
19732
18458
18867
15363
17383
21249
21555
20342
22260
30121
13408
14345
22060
21480
22603
19768
23975
27634
19217
25698
28324
30418
18205
18544
23849
24018
25258
23843
26004
27906
26034
28759
32381
34085
17530
18939
25824
24485
23296
22763
23213
26745
23296
28160
25769
30262
16853
13691
21898
18618
16088
17684
17735
21058
20892
22519
22973
29076
13958
14854
22435
18725
18638
21208
22032
24759
23979
22949
24776
28659
10404
14192
18450
17102
20028
9822
13897
18820
18098
18470
18226
21164
9381
11664
13214
13102
15950
12019
13979
18475
14594
17896
20209
22424
12313
14764
16396
16968
21183
12931
15578
20654
15800
17879
21609
18476
10221
11462
15285
16195
16829
13321
16703
19665
16099
18689
17413
23869
10701
13649
20182
17830
20393
17053
18579
21423
21492
21247
22643
30993
12950
16298
24480
20376
23907
19038
21631
27305
24600
24591
27663
35816
15235
19084
26897
26770
29891
20696
26546
34939
27465
29113
35813
40155
18131
22772
28948
29459
29820
23218
29076
35030
27041
31828
34018
35184
18391
20179
25728
25932
22831
22722
26923
33237
25972
30857
33005
34980
19108
19050
26106
25401
21182
21681
21722
23767
24265
27715
26709
34647
16877
17914
26868
22848
25067
22205
21743
27723
26520
29960
30170
41943
17635
20230
30359
27259
29617
23812
25719
33524
28511
29064
35351
39994
19286
23692
31135
32377
33795
24870
28199
34145
34083
34917
38564
44734
23466
28903
29685
32187
32647
26769
28659
38456
30195
36038
39494
41835
22937
25844
32094
31838
28245
28800
26969
35479
26997
33446
37310
39399
21814
22520
31187
28236
28786
21729
25299
23104
27012
23895
27012
27950
13387
15750
19048
14484
16061
12188
13026
15282
13988
14966
18513
23791
11722
16506
22222
19598
19324
14796
17067
22561
19512
21587
24475
18826
10047
13077
16205
15849
15268
11597
13348
16723
13864
16123
16290
18713
10274
14317
14903
12189
14476
11150
12354
15431
12061
13970
15194