-0.007
-0.250
-0.176
-0.151
-0.245
-0.336
-0.295
-0.153
-0.251
-0.413
-0.479
-0.337
-0.399
-0.262
-0.260
-0.186
-0.043
-0.248
-0.126
-0.150
-0.304
-0.324
-0.435
-0.186
0.052
-0.059
-0.055
-0.291
-0.393
-0.353
-0.247
-0.280
-0.137
-0.345
-0.358
-0.503
-0.452
-0.337
-0.295
-0.359
-0.311
-0.077
-0.195
-0.196
-0.321
-0.395
-0.319
-0.326
-0.347
-0.250
-0.384
-0.496
-0.350
-0.381
-0.381
-0.373
-0.301
-0.300
-0.594
-0.456
-0.542
-0.504
-0.426
-0.455
-0.445
-0.491
-0.304
-0.354
-0.247
-0.281
-0.203
-0.095
-0.373
-0.478
-0.384
-0.170
-0.063
-0.262
-0.183
-0.179
-0.247
-0.296
-0.396
-0.266
-0.421
-0.504
-0.359
-0.395
-0.286
-0.398
-0.232
-0.367
-0.301
-0.499
-0.437
-0.439
-0.654
-0.514
-0.583
-0.244
-0.333
-0.262
-0.346
-0.290
-0.256
-0.148
-0.209
-0.200
-0.137
-0.115
-0.071
-0.009
-0.104
-0.156
-0.210
-0.255
-0.369
-0.330
-0.420
-0.134
-0.295
-0.352
-0.434
-0.333
-0.440
-0.405
-0.442
-0.456
-0.486
-0.535
-0.594
-0.410
-0.528
-0.523
-0.411
-0.381
-0.250
-0.359
-0.390
-0.372
-0.220
-0.360
-0.604
-0.174
-0.449
-0.163
-0.471
-0.515
-0.452
-0.462
-0.547
-0.464
-0.367
-0.487
-0.649
-0.818
-0.972
-0.750
-0.415
-0.589
-0.607
-0.488
-0.301
-0.330
-0.462
-0.329
-0.463
-0.368
-0.463
-0.437
-0.409
-0.431
-0.474
-0.508
-0.355
-0.382
-0.501
-0.492
-0.456
-0.427
-0.503
-0.731
-0.564
-0.451
-0.442
-0.361
-0.393
-0.293
-0.258
-0.386
-0.323
-0.351
-0.242
-0.235
-0.401
-0.359
-0.248
-0.145
-0.145
-0.112
-0.144
-0.154
-0.290
-0.071
-0.263
-0.161
-0.311
-0.092
-0.075
-0.189
-0.190
-0.192
-0.174
-0.303
-0.494
-0.495
-0.137
-0.398
-0.738
-0.587
-0.483
-0.332
-0.404
-0.349
-0.347
-0.576
-0.476
-0.395
-0.233
-0.528
-0.571
-0.360
-0.338
-0.407
-0.326
-0.188
-0.183
-0.222
0.018
-0.462
-0.252
-0.208
-0.311
-0.269
-0.278
-0.185
-0.214
-0.227
-0.246
-0.105
-0.297
-0.106
-0.206
-0.305
-0.307
-0.250
-0.233
-0.203
-0.217
-0.239
-0.386
-0.349
-0.461
-0.478
-0.256
-0.316
-0.424
-0.483
-0.430
-0.485
-0.429
-0.402
-0.402
-0.499
-0.533
-0.537
-0.289
-0.196
-0.376
-0.495
-0.504
-0.594
-0.500
-0.635
-0.576
-0.676
-0.623
-0.659
-0.705
-0.645
-0.665
-0.580
-0.584
-0.562
-0.575
-0.520
-0.497
-0.504
-0.400
-0.427
-0.512
-0.714
-0.498
-0.576
-0.384
-0.367
-0.325
-0.319
-0.338
-0.394
-0.270
-0.251
-0.146
-0.271
-0.321
-0.151
-0.373
-0.340
-0.354
-0.362
-0.390
-0.406
-0.506
-0.341
-0.463
-0.539
-0.375
-0.540
-0.605
-0.574
-0.429
-0.501
-0.457
-0.418
-0.614
-0.569
-0.478
-0.488
-0.654
-0.572
-0.541
-0.519
-0.544
-0.553
-0.485
-0.631
-0.629
-0.611
-0.595
-0.600
-0.703
-0.658
-0.624
-0.550
-0.608
-0.379
-0.382
-0.511
-0.475
-0.691
-0.412
-0.596
-0.481
-0.484
-0.553
-0.560
-0.482
-0.507
-0.496
-0.553
-0.716
-0.726
-0.589
-0.774
-0.719
-0.741
-0.640
-0.585
-0.544
-0.534
-0.524
-0.523
-0.450
-0.358
-0.400
-0.393
-0.434
-0.388
-0.425
-0.371
-0.497
-0.594
-0.600
-0.695
-0.568
-0.533
-0.533
-0.569
-0.594
-0.508
-0.558
-0.554
-0.504
-0.440
-0.476
-0.495
-0.335
-0.305
-0.134
-0.315
-0.395
-0.433
-0.334
-0.330
-0.390
-0.269
-0.315
-0.223
-0.228
-0.301
-0.175
-0.107
-0.258
-0.116
-0.279
-0.299
-0.169
-0.141
-0.199
-0.312
-0.192
-0.326
-0.287
-0.236
-0.452
-0.385
-0.420
-0.536
-0.423
-0.397
-0.388
-0.434
-0.613
-0.651
-0.705
-0.769
-0.859
-0.544
-0.698
-0.381
-0.170
-0.251
-0.164
-0.442
-0.442
-0.661
-0.553
-0.582
-0.479
-0.546
-0.473
-0.361
-0.379
-0.421
-0.326
-0.177
-0.120
-0.242
-0.176
-0.102
-0.360
-0.182
-0.325
-0.288
-0.381
-0.393
-0.279
-0.368
-0.610
-0.494
-0.337
-0.538
-0.182
-0.333
-0.250
-0.259
-0.354
-0.298
-0.215
-0.298
-0.327
-0.374
-0.220
-0.280
-0.329
-0.291
-0.226
-0.166
-0.193
-0.336
-0.208
-0.202
-0.394
-0.280
-0.449
-0.378
-0.372
-0.337
-0.445
-0.386
-0.325
-0.381
-0.366
-0.395
-0.374
-0.383
-0.305
-0.486
-0.459
-0.440
-0.362
-0.297
-0.455
-0.430
-0.393
-0.370
-0.099
-0.070
-0.361
-0.244
-0.339
-0.351
-0.324
-0.313
-0.364
-0.302
-0.383
-0.339
-0.412
-0.607
-0.487
-0.331
-0.270
-0.314
-0.323
-0.309
-0.269
-0.181
-0.227
-0.374
-0.147
-0.059
0.004
-0.128
-0.076
-0.221
-0.239
-0.153
-0.317
-0.094
-0.153
-0.145
-0.175
-0.242
-0.285
-0.216
-0.360
-0.289
-0.279
-0.253
-0.202
-0.186
-0.172
-0.098
-0.264
-0.448
-0.147
-0.233
-0.409
-0.306
-0.292
-0.376
-0.195
-0.220
-0.261
-0.194
-0.174
-0.254
-0.452
-0.676
-0.465
-0.387
-0.414
-0.368
-0.401
-0.232
-0.309
-0.208
-0.118
-0.487
-0.376
-0.255
-0.185
-0.208
-0.217
-0.197
-0.176
-0.084
-0.093
-0.093
0.028
-0.116
-0.036
-0.186
-0.141
-0.193
-0.214
-0.082
-0.037
-0.088
-0.083
-0.072
-0.193
-0.143
0.100
-0.195
-0.244
-0.129
-0.200
-0.204
-0.143
-0.210
-0.058
-0.137
-0.224
-0.216
-0.294
-0.354
-0.360
-0.265
-0.246
-0.275
-0.228
-0.205
-0.254
-0.217
-0.326
-0.539
-0.257
-0.232
-0.422
-0.275
-0.136
-0.052
-0.071
-0.058
-0.102
-0.112
-0.016
-0.177
-0.225
0.042
-0.247
-0.264
-0.239
-0.185
-0.137
-0.157
-0.142
-0.084
-0.290
-0.269
-0.285
-0.336
-0.288
-0.228
-0.159
-0.165
-0.033
-0.043
-0.105
-0.017
-0.105
-0.056
-0.175
-0.007
-0.251
-0.134
-0.112
-0.013
0.061
0.098
0.118
0.118
-0.013
-0.095
0.002
0.044
0.073
0.070
-0.079
-0.023
-0.016
0.053
0.090
0.154
0.019
-0.278
-0.067
-0.063
-0.223
-0.063
-0.004
0.105
0.103
0.089
-0.007
-0.189
-0.018
0.345
-0.190
-0.052
-0.095
0.049
0.035
0.016
0.138
0.054
0.150
0.017
-0.063
0.177
-0.040
0.066
-0.049
0.159
-0.012
0.167
0.180
0.102
-0.085
0.271
0.117
0.055
0.215
-0.084
-0.052
-0.072
0.026
0.049
-0.087
-0.055
-0.045
-0.068
-0.110
-0.094
-0.212
-0.022
-0.228
-0.056
-0.005
-0.110
0.006
-0.066
-0.029
0.221
0.005
0.154
0.240
0.111
0.109
-0.011
0.049
0.147
0.220
0.226
0.232
0.190
-0.011
-0.049
-0.027
-0.075
-0.060
0.116
-0.174
-0.004
-0.091
0.352
0.111
0.092
-0.056
-0.269
-0.005
-0.045
-0.233
-0.055
-0.266
-0.374
-0.172
-0.283
-0.125
-0.164
-0.241
-0.480
-0.242
-0.299
-0.226
-0.091
-0.228
-0.138
-0.143
-0.189
-0.246
-0.114
-0.140
-0.318
-0.070
-0.281
-0.332
-0.207
-0.078
-0.085
-0.256
-0.166
-0.214
-0.152
-0.261
-0.346
-0.003
-0.258
-0.308
-0.173
-0.186
-0.316
-0.212
-0.166
-0.199
-0.190
-0.195
-0.324
-0.486
-0.365
-0.320
-0.299
-0.228
-0.221
-0.187
-0.237
-0.231
-0.266
-0.519
-0.364
-0.457
-0.563
-0.396
-0.227
-0.139
-0.061
-0.064
0.031
-0.022
-0.030
-0.149
0.049
0.069
0.026
-0.215
-0.069
-0.088
-0.089
-0.036
-0.030
0.012
-0.090
-0.279
-0.128
-0.043
0.031
0.019
0.060
-0.008
0.015
-0.071
-0.032
-0.040
-0.044
-0.184
-0.047
-0.347
-0.182
-0.256
-0.310
-0.343
-0.251
-0.321
-0.205
-0.198
-0.163
-0.101
-0.350
-0.012
-0.246
-0.476
-0.354
-0.340
-0.270
-0.288
-0.159
-0.206
-0.245
-0.385
-0.403
-0.344
-0.428
-0.396
-0.411
-0.372
-0.317
-0.298
-0.316
-0.347
-0.293
-0.335
-0.319
-0.263
-0.208
-0.220
-0.138
-0.020
0.009
-0.072
0.020
-0.029
-0.083
0.003
0.099
0.224
0.126
-0.036
-0.038
-0.046
-0.065
-0.038
-0.061
-0.116
-0.032
-0.040
-0.010
0.011
-0.041
-0.022
-0.041
-0.099
-0.013
-0.086
-0.043
-0.041
-0.114
-0.234
-0.153
-0.107
0.056
-0.381
-0.245
-0.240
-0.115
-0.110
-0.069
-0.026
-0.095
-0.212
0.048
-0.003
0.098
0.011
-0.003
0.032
0.054
-0.060
0.015
-0.087
-0.079
-0.094
-0.167
-0.027
0.079
-0.042
-0.067
-0.107
-0.050
0.004
-0.024
-0.003
0.020
-0.027
-0.019
-0.106
0.119
-0.148
-0.116
-0.053
-0.068
0.070
0.087
0.057
0.138
0.064
-0.026
-0.103
-0.251
-0.347
-0.314
-0.254
-0.228
-0.235
-0.321
-0.362
-0.334
-0.346
-0.454
-0.193
-0.319
-0.302
-0.323
-0.220
-0.182
-0.243
-0.199
-0.180
-0.097
-0.200
-0.135
-0.167
-0.127
-0.126
-0.176
-0.219
-0.070
-0.048
-0.111
-0.104
-0.172
-0.185
-0.272
-0.221
-0.293
-0.161
-0.131
-0.012
-0.162
-0.150
-0.112
-0.159
-0.013
-0.164
-0.216
-0.300
-0.296
-0.041
-0.232
-0.259
-0.133
-0.123
-0.100
-0.135
-0.072
-0.085
-0.132
-0.240
-0.162
-0.005
0.087
0.067
-0.029
-0.025
0.002
-0.019
-0.012
0.076
0.129
0.029
0.108
-0.116
0.026
-0.077
-0.073
-0.103
-0.124
-0.097
-0.107
-0.094
-0.184
-0.093
-0.302
-0.305
-0.245
-0.220
-0.247
-0.132
-0.170
-0.127
-0.161
-0.068
-0.212
-0.371
-0.317
-0.141
-0.066
-0.056
0.022
-0.021
0.024
-0.040
0.021
0.054
0.197
0.175
0.278
0.247
0.165
0.126
0.109
0.019
0.007
-0.033
-0.017
-0.077
-0.078
-0.390
-0.406
-0.258
-0.186
-0.180
-0.148
-0.129
-0.093
-0.161
-0.197
-0.184
-0.245
-0.098
-0.119
-0.062
-0.092
-0.099
-0.110
-0.139
-0.202
-0.166
-0.257
-0.344
-0.353
-0.266
-0.333
-0.470
-0.227
-0.329
-0.284
-0.202
-0.202
-0.169
-0.304
-0.177
-0.097
-0.134
0.075
0.109
0.060
0.045
0.078
0.021
-0.028
0.016
-0.019
0.096
-0.110
0.014
-0.001
0.007
-0.067
-0.105
-0.127
-0.067
-0.189
-0.059
-0.124
0.019
-0.076
-0.029
-0.105
0.031
-0.047
-0.047
0.028
0.038
0.067
0.083
0.106
0.135
0.330
0.106
0.172
0.055
0.133
0.119
0.062
0.055
0.009
0.015
-0.016
0.157
0.048
0.260
0.164
0.200
0.097
0.069
0.117
0.097
0.111
0.080
-0.014
0.025
0.238
-0.028
-0.033
-0.123
0.024
0.041
-0.047
-0.021
-0.022
0.059
0.024
0.016
0.230
0.386
0.315
0.180
0.116
0.115
0.126
0.130
0.184
0.160
0.090
0.235
0.082
0.088
0.011
0.053
-0.022
0.072
-0.025
-0.039
0.041
0.036
-0.048
-0.122
-0.294
0.019
-0.145
-0.027
-0.053
-0.008
-0.057
-0.056
0.015
-0.042
-0.010
-0.103
0.007
0.115
0.082
0.048
0.038
0.018
0.044
-0.007
-0.007
0.014
0.045
-0.044
0.010
0.118
0.267
0.020
0.069
0.135
0.122
0.255
0.220
0.256
0.174
0.188
0.326
0.348
0.201
0.257
0.241
0.179
0.207
0.164
0.158
0.158
0.124
0.018
0.104
-0.002
0.094
0.080
0.081
0.051
0.067
0.163
0.174
0.135
0.145
0.052
0.188
0.198
0.245
0.467
0.303
0.242
0.235
0.208
0.226
0.166
0.284
0.285
0.196
0.229
0.283
0.176
0.317
0.254
0.287
0.292
0.240
0.182
0.135
0.077
0.079
0.282
0.251
0.208
0.120
0.110
0.108
-0.021
-0.017
-0.093
-0.080
-0.119
-0.007
0.217
0.166
0.209
0.104
0.153
0.131
0.080
0.060
0.018
0.061
-0.032
0.103
0.157
-0.090
0.181
0.173
0.244
0.213
0.152
0.171
0.158
0.238
0.247
0.217
0.359
0.468
0.293
0.230
0.171
0.288
0.299
0.317
0.206
0.244
0.276
0.151
0.065
0.254
0.134
0.095
0.167
0.148
0.182
0.185
0.090
0.083
0.072
0.170
0.150
0.251
0.265
0.198
0.241
0.379
0.372
0.411
0.459
0.496
0.468
0.533
0.492
0.756
0.548
0.647
0.596
0.606
0.671
0.647
0.393
0.420
0.351
0.444
0.370
0.552
0.294
0.315
0.233
0.263
0.270
0.236
0.267
0.228
0.210
0.327
0.206
0.361
0.331
0.450
0.241
0.234
0.255
0.339
0.320
0.194
0.150
0.164
0.324
0.286
0.487
0.430
0.390
0.413
0.453
0.506
0.404
0.378
0.506
0.321
0.598
0.611
0.609
0.445
0.443
0.474
0.479
0.427
0.412
0.358
0.393
0.328
0.525
0.441
0.425
0.417
0.437
0.442
0.455
0.525
0.520
0.566
0.428
0.523
0.504
0.571
0.510
0.494
0.323
0.347
0.369
0.416
0.446
0.478
0.526
0.376
0.461
0.380
0.499
0.534
0.481
0.512
0.536
0.509
0.513
0.508
0.483
0.370
0.319
0.448
0.380
0.370
0.338
0.438
0.444
0.493
0.422
0.480
0.445
0.523
0.610
0.509
0.438
0.472
0.373
0.384
0.407
0.364
0.412
0.367
0.269
0.215
0.053
0.192
0.449
0.271
0.278
0.308
0.417
0.395
0.376
0.443
0.393
0.327
0.387
0.374
0.374
0.417
0.407
0.508
0.515
0.544
0.473
0.442
0.456
0.442
0.499
0.491
0.586
0.579
0.511
0.533
0.534
0.475
0.391

