40.5
40.0
39.0
38.1
37.6
39.0
40.3
41.7
42.3
42.7
43.1
43.5
44.3
45.5
45.8
46.5
47.1
48.3
49.1
49.8
51.7
52.9
54.0
55.1
56.7
57.8
58.7
59.3
59.0
58.7
59.2
60.7
61.6
62.4
62.9
63.9
65.1
65.4
66.2
65.8
64.2
63.8
63.6
62.2
63.4
64.0
64.2
65.7
68.3
69.9
70.7
73.4
74.9
75.9
77.1
77.3
75.4
76.0
76.1
73.2
67.5
67.0
69.0
70.9
73.0
74.2
75.3
76.9
78.6
80.6
81.7
82.5
82.5
85.8
87.2
88.9
89.6
89.4
89.2
89.7
90.0
86.3
85.9
89.0
90.0
90.0
91.0
88.1
85.8
83.8
82.4
81.3
83.5
86.3
90.3
92.9
96.4
97.9
99.2
99.0
99.3
99.8
100.2
100.8
101.3
100.5
100.8
101.8
102.6
103.7
105.9
107.7
108.7
109.9
111.9
113.1
114.1
114.9
114.5
114.5
114.7
115.9
117.1
114.9
112.0
112.7
114.6
114.4
