76035
76073
76090
76025
75923
75865
75926
76103
76372
76718
77085
77433
77754
78069
78427
78803
79155
79465
79798
80218
80671
81176
81751
82432
83167
83805
84413
85255
86537
88147
89697
90930
91896
92792
93778
94951
96254
97522
98464
99206
100022
101062
102209
102957
103372
103709
104363
105147
105585
105533
105034
104307
103704
103599
104064
104757
105453
106096
106810
107680
108549
109242
109744
110249
110908
111645
112458
113448
114624
115942
117302
118641
119929
121169
122316
123373
124530
125969
127607
129245
130777
132020
132994
133901
134848
135765
136560
137322
138075
138787
139497
140292
141178
142134
143129
144115
145077
145947
146912
147941
