LSAT GPA
622  3.23
542  2.83
579  3.24
653  3.12
606  3.09
576  3.39
620  3.10
615  3.40
553  2.97
607  2.91
558  3.11
596  3.24
635  3.30
581  3.22
661  3.43
547  2.91
599  3.23
646  3.47
622  3.15
611  3.33
546  2.99
614  3.19
628  3.03
575  3.01
662  3.39
627  3.41
608  3.04
632  3.29
587  3.16
581  3.17
605  3.13
704  3.36
477  2.57
591  3.02
578  3.03
572  2.88
615  3.37
606  3.20
603  3.23
535  2.98
595  3.11
575  2.92
573  2.85
644  3.38
545  2.76
645  3.27
651  3.36
562  3.19
609  3.17
555  3.00
586  3.11
580  3.07
594  2.96
594  3.05
560  2.93
641  3.28
512  3.01
631  3.21
597  3.32
621  3.24
617  3.03
637  3.33
572  3.08
610  3.13
562  3.01
635  3.30
614  3.15
546  2.82
598  3.20
666  3.44
570  3.01
570  2.92
605  3.45
565  3.15
686  3.50
608  3.16
595  3.19
590  3.15
558  2.81
611  3.16
564  3.02
575  2.74