2.954
3.297
3.344
3.526
3.651
3.684
3.528
3.629
3.740
3.301
3.255
3.672
3.590
3.797
3.566
3.621
3.664
3.986
3.512
3.684
3.567
3.618
3.650
4.230
4.153
4.370
3.931
3.996
4.027
4.651
4.020
4.226
4.361
4.454
4.372
4.582
4.558
4.900
4.438
4.571
4.771
4.752
4.736
4.804
4.963
5.376
4.815
5.525
5.429
5.393
4.975
5.406
5.065
5.577
5.148
5.145
5.860
5.970
6.016
6.851
5.798
6.462
6.220
6.172
5.751
6.396
6.047
6.352
6.125
6.480
6.313
7.891
