381224
356039
499520
496170
633790
698856
850385
834694
798610
631330
442344
451247
439713
359652
469822
603974
628755
699716
815738
810695
747035
610660
433616
439193
434555
402492
485164
500290
595291
638400
747148
750038
692340
550431
383827
398442
358549
344192
416879
511502
565008
644743
735321
724042
702507
567721
398494
403197
384551
361110
456999
513240
601735
644353
763153
709794
693069
538657
390058
399045
389658
351091
472381
473612
602682
661787
740118
695434
718725
587386
395903
397221
391455
356945
443172
516038
637952
643925
675483
690329
685866
600946
385830
375080
367099
352524
439091
529445
549144
593215
673571
659023
642002
556578
393131
372795
385140
375412
473337
491015
633983
681803
755969
735214
774045
653659
457517
453563
431598
419341
495722
593234
740496
796600
870529
821755
857179
750720
530505
487626
479785
496414
611328
615168
785412
829951
895505
838508
910274
779682
571168
537650
480262
486616
661180
688078
907302
922081
963467
916685
921948
818353
650060
622325
612349
592907
730585
814475
837005
892349
964236
957535
943141
872459
676615
637715
582302
502626
640639
789510
796353
862532
931051
971326
972683
897176
723291
682286
653120
641001
787147
884145
909161
949596
1063327
1149826
1066681
917227
703155
703897
834120
841930
791084
874487
883263
921189
1013421
1013300
984813
888982
701773
694735
627348
667902
891420
872318
1012522
1038528
1113251
1091405
1115368
869899
782612
773871
737419
736973
932029
1047703
1128982
1184335
1252304
1224817
1263556
1117046
833291
854054
818598
859820
1043628
1134713
1215624
1301948
1406671
1406931
1383773
1279409
1007638
965334
916520
957630
1200532
1305146
1411008
1480064
1591898
1626844
1556541
1402764
1094472
1043739
969260
1060072
1272441
1432080
1430997
1575146
1721516
1718412
1701720
1530959
1259612
1141810
1057294
1152003
1384835
1461574
1692236
1704333
1876757
1876214
1863177
1724826
1356690
1202684
1135817
1270537
1613567
1707778
1921245
1969557
2146672
2120550
2090487
1824877
1499663
1388092
1316310
1393503
1705159
1917041
2024965
2143216
2267789
2309865
2174611
1862665
1449478
1316649
1291451
1417154
1744589
1867369
1999632
2087756
2316601
2378995
2230926
2039607
1596487
1486117
1450955
1554642
1788582
1968593
2164104
2355675
2550101
2687250
2428975
2314215
1804081
1739899
1591239
1874088
2177458
2307929
2528581
2673749
2903712
3036768
2733122
2572683
2087034
1940630
1838440
2017717
2452713
2528838
2926602
2953866
3285832
3393597
3033392
2858539
2337227
1952391
2068430
2194056
2649068
2944379
3188082
3299373
3450309
3584685
3312369
3218502
2530068
2419398
2261189
2424365
2937922
3190241
3464954
3656188
4043230
4157951
3760988
3503087
2834748
2592108
2423288
2642964
3097422
3106900
3420446
3521381
3838047
3920364
3377830
3030141
2315632
2229104
1957235
2122080
2513211
2963017
3061856
3252871
3683558
3775132
3282051
2991441
2364988
2280700
1981891
2146722
2691431
2683357
3149462
3339929
3797878
3892873

