-0.58509
-1.43904
1.182861
-1.30298
0.308675
-0.51401
-0.69757
2.065465
-0.05449
0.135976
1.451198
-0.17576
-0.32208
0.400169
0.36934
1.393861
-0.65113
2.146157
-1.72418
-1.34803
-0.86268
-3.01597
1.987633
0.390042
1.01928
2.523911
-2.99102
-0.13695
-1.70797
-1.65061
2.571776
0.09853
2.109358
2.884881
-2.11628
0.54396
-2.02901
-2.01789
1.648081
-2.52555
1.890566
1.851496
-2.50695
2.843861
-2.89541
-2.6822
4.078038
-2.17549
3.7319
2.148158
-4.04947
2.299495
-4.76963
-3.18146
2.736906
-1.93861
5.008694
5.490041
-0.89827
0.062638
-3.2882
-3.13098
0.15016
0.033005
0.114315
2.356321
0.166957
0.680141
-0.65333
-2.17422
0.362226
-1.87407
-0.65172
0.496005
-0.96178
1.455208
0.904606
0.17193
1.846518
-0.52336
0.591799
-0.98318
-0.60687
0.573245
-1.00022
1.025395
-0.24679
-1.66035
1.188001
-2.01484
1.714345
-0.58663
-2.13458
0.310836
0.421442
1.26072
2.354419
0.622798
-0.05252
-1.26636
-2.19609
-1.11537
-0.25088
0.293529
1.667003
1.183107
-0.3598
-1.59261
-1.00475
-0.68922
1.871082
-0.28053
-0.27999
0.482314
-0.38164
-0.87288
0.57996
-0.07649
-0.55113
0.789173
-0.57518
-2.27681
1.654262
-0.97549
0.056378
3.639778
-1.49848
1.270205
0.989199
-1.80445
1.935462
-1.5883
-1.19531
0.539022
-3.42259
2.43683
0.045889
1.028417
3.433897
-0.98717
-1.19621
0.842478
-1.92911
1.307407
-0.20203
1.734093
2.138971
-1.15829
-0.94876
-1.29428
-4.29604
1.095107
0.913079
-0.19177
3.671854
-0.94646
0.30365
0.657939
-3.44238
0.813515
-1.71317
0.312722
3.765979
0.669857
0.819549
0.126163
-2.23824
-0.47202
-0.80523
0.252597
2.012984
-0.26662
0.312446
0.68009
-1.59087
0.981113
-0.86136
-1.64084
1.185483
-1.88883
-0.33291
1.148845
-1.2617
0.448106
0.907457
-0.85195
0.929821
-0.43392
-1.0551
-1.87421
-0.4769
0.774696
0.397043
2.633472
-1.05324
-0.58188
-0.81636
-2.67015
0.509224
-0.14115
