49.84645
48.98498
48.8272
48.73
49.00068
47.35303
45.83114
44.53282
44.11934
44.33624
43.30917
43.74971
44.49249
44.45457
45.15827
44.11254
43.2281
42.97048
44.8155
43.64329
44.79396
45.45393
45.89406
46.44219
47.64603
46.67238
47.12452
48.30985
48.7772
49.54442
48.42242
47.61024
47.92641
46.97702
45.40323
45.76103
45.9307
44.9081
44.27062
45.05376
45.30744
44.08445
43.05434
42.9073
43.72322
44.05328
44.3098
42.31673
42.13761
41.9677
42.38189
43.09563
43.16805
43.38942
45.35902
46.17322
45.76177
45.15107
46.50136
47.57705
46.51323
47.08573
47.35955
48.76583
48.86541
46.82412
44.90221
45.58265
44.44779
44.14629
46.51315
47.1496
46.89358
47.42118
47.9251
48.3452
49.22332
48.96528
49.68025
48.46738
49.03932
49.26753
49.54911
48.19941
47.35906
47.87508
47.11651
47.07415
47.70895
47.4112
46.89461
47.1385
46.09812
45.56378
45.62148
43.92795
43.84749
44.80103
43.68414
44.56812
43.9675
44.6268
44.62206
45.29776
46.45965
47.90381
45.49885
44.04206
44.0993
44.07362
42.80909
43.37223
43.27003
42.23792
42.90276
43.31627
43.65819
42.30928
44.40927
42.54273
43.98264
45.23469
44.47243
42.90269
42.94531
42.8588
42.00138
42.6436
42.83506
41.84877
42.63899
42.43135
44.7401
43.91673
45.31179
45.75641
45.60984
44.51166
46.21722
47.28477
45.26215
43.64768
40.9285
39.63564
38.98755
38.82504
38.46654
38.96996
39.7336
38.24293
38.79094
39.65548
40.54676
40.19357
40.24772
40.36583
41.39379
40.86055
42.58287
41.19969
40.90391
40.44638
39.98526
41.58085
42.19645
41.00985
40.98535
41.47533
40.859
40.88574
40.72789
41.2135
39.50576
40.0844
39.62202
40.99347
39.94575
40.51902
39.22344
36.72538
33.87981
35.12355
36.92205
35.61229
35.49732
36.64984
35.70188
32.74963
32.30076
33.4809
34.15264
33.83546
34.44413
34.4395
35.33427
36.10793
35.30417
34.23796
35.04246
36.46886
