54.47962
64.45243
62.01799
-15.219
-11.8304
-15.3463
-42.7008
54.9615
47.11497
6.009945
41.08703
101.1665
61.79064
33.08525
51.25297
0.466011
-61.9206
19.94728
14.60788
79.83376
54.03873
95.61398
51.5347
64.53235
-39.3702
12.12845
12.74262
37.69288
77.22413
49.919
21.32706
33.57863
144.8782
95.11212
2.266929
32.3844
67.21472
143.9107
63.81891
-18.7472
-99.5517
-121.704
-127.991
-114.069
-90.0793
-67.9343
-95.7416
15.11997
28.7598
60.74782
66.34955
-90.7603
-117.955
-106.228
-157.819
-166.695
-49.1269
28.8702
105.0587
124.7666
59.55145
11.97182
38.00215
50.51381
107.617
33.55033
-99.0106
-66.1241
-43.1909
-45.5491
-46.9897
-49.7906
28.23727
47.38142
34.80604
-2.37391
-21.1025
48.89014
25.14329
38.5737
-65.3372
-141.99
-70.6512
-40.0963
71.7234
132.3349
83.61843
-27.672
-76.5805
-43.3991
-41.6107
32.65872
34.60075
8.186798
-125.788
-54.8905
-55.8355
-31.2918
-7.48782
64.63127
83.53342
104.2877
41.13831
-54.2395
-9.19132
8.066119
-5.61398
-41.5906
-3.99589
85.82216
119.0366
20.18531
47.4695
-26.6902
-45.4522
49.23192
107.6408
66.81172
-7.85149
-1.08919
-59.8561
-99.0964
0.807382
114.3021
60.65556
-8.48192
-85.3688
-64.8481
-115.782
-13.2284
102.0988
36.13191
24.6678
77.62504
-9.55658
-31.725
-11.6766
-25.9266
-63.0258
-74.3425
22.81341
-4.17028
-40.9295
-63.3681
-19.1284
-59.0746
6.497962
161.4059
140.1505
108.4145
26.31486
-61.794
-55.2155
-20.9829
-86.5547
-37.1956
-82.1013
-39.8328
-29.8178
-25.373
-0.23946
50.65887
144.4266
173.574
217.9856
48.11406
-104.55
-167.143
-186.24
-57.8836
-66.6675
-46.5438
-131.167
-40.5781
15.76638
114.1838
82.78993
13.10946
54.44787
9.269329
-29.1841
-26.7383
-53.1898
-8.9897
-43.7994
-58.3472
-40.797
21.21658
44.35681
-26.4483
-78.2316
-62.7957
-12.3872
104.3462
-41.2241
-93.8103
40.80729
6.142327
-52.1871
-27.9451
