0.645109130799261
-0.516565886270105
-1.47349945156869
-2.47322042827857
-1.94871366718262
-0.261546572480565
0.423167870574339
0.649326887026334
0.767837110489749
-1.19636374332542
-1.2064801471272
-1.32933378471077
0.833728326249033
-1.1008604017415
-0.578715376603415
-1.06968016618507
-0.47066376874095
-1.03031743029636
-1.30062854263622
-2.8494762220696
-2.23928464702402
-1.42280966610127
-3.05936776551081
-1.63414061484264
-2.05442555795314
-2.10994691248013
-0.830938457941139
-0.809793970347241
-0.262108196960071
0.380782976723024
0.780546651321201
0.844115905071413
1.13266088072421
-0.1233141211427
0.647922611285691
0.916189298814609
-0.472375147035002
-0.696546458149392
-1.0967054911008
-0.0762028719164504
-0.766834953474324
-0.0930355364278908
-0.459540006683757
0.561948736671862
-0.0543850985618394
-0.604671106683098
0.0895652915330071
-0.661417840042372
1.63320668441817
2.04911588087771
0.859895034867163
1.42408996155518
0.298069992683504
-1.34963762544016
-1.42968389842868
-0.560256782921076
-1.05582569835369
0.388498912670173
0.949136467219965
1.81113820219159
1.15960259884487
0.034106283012307
0.0745046270647241
0.324396870573346
0.76688828367659
-1.88750872910101
-2.46896863998062
-0.877703521021064
-0.801496341091885
-0.2532178226567
-0.0864435104632748
-0.0584111220889002
0.91922090150169
0.520275114054187
0.24611731331186
0.417986949331408
0.44440236562561
1.35455096692089
0.423079661763502
-0.487281212083567
-0.0841542317350801
0.404403624797918
0.437015044976651
-0.741973097875913
-0.171411991940215
1.63568615288369
1.4112902572159
0.784559447934407
-0.181081156738358
0.757851290235564
0.174995408258473
-0.0513045401891508
-0.6244908067144
-0.613287965769941
0.643535434639663
-1.25617132251019
-1.03627013203699
-1.96317525724226
-1.44736445833644
-1.85442928369347
-0.923876496372468
-0.706812665369952
0.27041607245259
0.935289203844025
0.374514328905282
-0.548299443856346
-0.135745310520703
-0.621067030263208
-0.991868808447672
-0.540868888712617
-0.378393315692829
-0.775609066557483
-0.64673611070336
-2.08282028304782
0.291627434652073
-1.07688305469284
1.61087809274381
0.593815479914912
-0.693136157716486
2.08886585301875
2.59232363821713
1.81236594469614
1.30597600876075
-0.0599990731495371
-1.91050736287838
-1.15890104444815
-0.427555008345871
0.589979752848927
-1.23502577764847
-0.584839175681997
0.0413017839116562
-0.688148974267008
-1.76246687188198
-0.882270653811146
-0.232146069965433
0.0889964395556422
0.934799705050637
0.595060327362689
0.621119270643685
0.423801923117783
1.11688377726048
1.9248437985308
0.764305730811743
2.01712537262954
0.625555302890531
1.16159115941625
1.31970006568122
1.4928132438215
0.649352036595064
-1.30624977896583
-2.33077796940041
-2.35038834876444
-1.40229089519758
-0.148012683638847
0.556055962552286
0.520538066074628
1.40510162909555
0.396716087067859
0.825138553377242
0.122606469014347
0.144216125294312
-0.638293282911476
0.958986878333128
2.72912923120384
0.0796194213790579
1.48266482008101
1.60755604353694
0.642218523109229
1.19541685886344
0.420406728182156
-0.596572475281217
2.07134336149335
1.94648384131356
-0.349237784602726
-0.10167892157499
0.177774635464625
-0.792102672918895
-0.547579676928355
-0.168644470691431
-0.484190246997389
-0.662980777390819
-0.348196790987533
2.42531235771569
-0.87168066643817
-2.78016378599139
-1.00470761327457
-1.80302759546899
-1.22654733601747
-2.64415486770851
-2.58366886556619
-2.00824353503604
-1.75881726576433
-1.28978861725299
-0.969732616929148
-1.85866430647793
-0.585432743446767
-1.15187902147144
-0.308640871967335
0.352040892389248
-0.205765753014694
-0.707261212222397
-0.32825310596091
-0.122337476220225
0.840000784171614
-0.507616998199264
0.366382505203849
-0.0330480907048044
1.42224622699249
0.95663537044292
0.594189731715231
-1.02074627165411
0.647826520812593
1.20576150527362
0.23096594911794
1.06583453502812
-0.745044969592367
1.17442734952007
-0.0881803729158314
-0.741427901122127
2.17010027499908
4.30225223010122
2.64568516030606
1.10708555880489
2.44145348167319
2.17364656142637
1.72937624274674
1.9373859679636
1.31967766258956
0.0447638333598188
-0.241065981026253
-0.0541375400542315
0.785149853586235
-1.61614887149163
-1.24461051352001
0.0444557658203382
-1.29817863621825
-1.08402734241156
-1.33176709960911
0.0279589985813206
1.12934164069666
0.748076560852018
0.703338706194108
0.64935574075341
0.821955119375409
0.877449288678419
2.62405105288105
0.891151937743023
0.9658920279099
1.14130982367997
2.13448756021508
